# 어린이집(보육통합정보) 조회 대상 시군구 코드 (arcode)
# 이 API 는 arcode 가 필수이고 페이징이 없어 지역 단위로 순회한다.
# 2026-08-06 실호출 탐색으로 확인. 행정구역 개편 시 갱신한다.
# 광주(29)·전남(46)은 어린이집·유치원 API 양쪽 모두 데이터가 비어 있어 목록에 없다.

# 서울
11110
11140
11170
11200
11215
11230
11260
11290
11305
11320
11350
11380
11410
11440
11470
11500
11530
11545
11560
11590
11620
11650
11680
11710
11740

# 부산
26110
26140
26170
26200
26230
26260
26290
26320
26350
26380
26410
26440
26470
26500
26530
26710

# 대구
27110
27140
27170
27200
27230
27260
27290
27710
27720

# 인천
28125
28155
28177
28185
28200
28237
28245
28275
28290
28710
28720

# 대전
30110
30140
30170
30200
30230

# 울산
31110
31140
31170
31200
31710

# 세종
36110

# 경기
41110
41111
41113
41115
41117
41130
41131
41133
41135
41150
41170
41171
41173
41192
41194
41196
41210
41220
41250
41271
41273
41281
41285
41287
41290
41310
41360
41370
41390
41410
41430
41450
41461
41463
41480
41500
41550
41570
41591
41593
41595
41597
41610
41630
41650
41800

# 충북
43111
43112
43113
43114
43130
43150
43720
43730
43740
43750
43760
43770
43800

# 충남
44131
44150
44180
44200
44210
44230
44710
44760
44770
44790
44800

# 경북
47110
47130
47150
47170
47190
47210
47230
47250
47280
47290
47730
47750
47760
47770

# 경남
48120
48121
48123
48125
48127
48129
48170
48220
48240
48250
48270
48310
48330
48720
48730
48740

# 강원
51110
51130
51150
51170
51190
51210
51230
51720
51730
51750
51760
51770
51780
51790
51800

# 전북
52111
52113
52130
52140
52180
52190
52210
52710
52720
52730
52740
52750
52770
52790
52800
